class               Iris-setosa  Iris-versicolor  Iris-virginica
sepal_length count    50.000000        50.000000       50.000000
             mean      5.006000         5.936000        6.588000
             std       0.352490         0.516171        0.635880
             min       4.300000         4.900000        4.900000
             5%        4.400000         5.045000        5.745000
             25%       4.800000         5.600000        6.225000
             50%       5.000000         5.900000        6.500000
             75%       5.200000         6.300000        6.900000
             95%       5.610000         6.755000        7.700000
             max       5.800000         7.000000        7.900000
sepal_width  count    50.000000        50.000000       50.000000
             mean      3.418000         2.770000        2.974000
             std       0.381024         0.313798        0.322497
             min       2.300000         2.000000        2.200000
             5%        3.000000         2.245000        2.500000
             25%       3.125000         2.525000        2.800000
             50%       3.400000         2.800000        3.000000
             75%       3.675000         3.000000        3.175000
             95%       4.055000         3.200000        3.510000
             max       4.400000         3.400000        3.800000
petal_length count    50.000000        50.000000       50.000000
             mean      1.464000         4.260000        5.552000
             std       0.173511         0.469911        0.551895
             min       1.000000         3.000000        4.500000
             5%        1.200000         3.390000        4.845000
             25%       1.400000         4.000000        5.100000
             50%       1.500000         4.350000        5.550000
             75%       1.575000         4.600000        5.875000
             95%       1.700000         4.900000        6.655000
             max       1.900000         5.100000        6.900000
petal_width  count    50.000000        50.000000       50.000000
             mean      0.244000         1.326000        2.026000
             std       0.107210         0.197753        0.274650
             min       0.100000         1.000000        1.400000
             5%        0.100000         1.000000        1.545000
             25%       0.200000         1.200000        1.800000
             50%       0.200000         1.300000        2.000000
             75%       0.300000         1.500000        2.300000
             95%       0.400000         1.600000        2.455000
             max       0.600000         1.800000        2.500000